zbb_grbm
 Curv_FWHM=  0.20005743312084823     
 Spec_FWHM=   2.2847439610601934     
 Spec_theta=   140.67373919326377     
